-39
-98
-98
-98
-99
-98
-94
-98
-98
-98
-98
-98
-99
-98
-98
-98
-98
-98
-98
-98
-97
-98
-97
-98
-98
-98
-98
-91
-98
-96
-96
-98
-98
-98
-98
-98
-99
-86
-97
-98
-98
-86
-90
-91
-87
-87
-98
-98
-98
-98
-98
-98
-78
-94
-90
-96
-98
-98
-98
-86
-98
-98
-98
-99
-98
-98
-98
-97
-99
-98
-98
-99
-98
-93
-98
-98
-82
-82
-81
-82
-82
-49
-98
-81
-82
-64
-81
-81
-98
-98
-98
-98
-98
-98
-98
-98
-98
-98
-98
-98
-98
-98
-98
-99
-98
-94
-98
-98
-98
-98
-98
-98
-98
-98
-94
-96
-99
-98
-98
-98
-98
-98
-98
-98
-99
-98
-98
-98
-93
-95
-99
-98
-96
-98
-99
-98
-98
-98
-98
-81
-80
-81
-81
-96
-84
-85
-98
-85
-84
-84
-78
-84
-83
-90
-90
-94
-98
-81
-81
-81
-85
-81
-81
-98
-81
-81
-98
-98
-82
-81
-82
-81
-81
-98
-82
-98
-98
-98
-98
-98
-98
-98
-98
-98
-98
-92
-98
-98
-87
-98
-99
-99
-98
-98
-98
-98
-98
-93
-98
-96
-98
-98
-98
-97
-97
-98
-96
-97
-98
-98
-99
-98
-99
-98
-98
-98
-96
-95
-95
-96
-98
-98
-95
-98
-98
-98
-97
-98
-98
-98
-98
-96
-98
-98
-97
-96
-98
-96
-97
-86
-84
-85
-85
-98
-98
-98
-98
-98
-98
-78
-97
-91
-91
-82
-81
-82
-81
-81
-81
-81
-79
-82
-82
-94
-97
-98
-98
-98
-98
-98
-94
-96
-98
-82
-98
-98
-98
-98
-98
-98
-98
-98
-98
-92
-99
-98
-98
-86
-98
-98
-98
-98
-98
-97
-98
-99
-99
-98
-98
-98
-98
-98
-94
-98
-98
-98
-98
-98
-98
-98
-98
-98
-99
-100
-98
-98
-81
-81
-98
-81
-81
-98
-98
-98
-98
-98
-98
-98
-81
-81
-81
-96
-82
-81
-82
-81
-81
-86
-87
-98
-98
-94
-95
-81
-81
-64
-82
-80
-81
-93
-91
-92
-94
-98
-98
-98
-98
-98
-98
-98
-98
-98
-98
-98
-98
-98
-98
-98
-98
-94
-99
-98
-98
-98
-98
-98
-98
-98
-98
-98
-97
-97
-98
-95
-98
-98
-98
-98
-98
-98
-98
-97
-99
-99
-98
-99
-98
-98
-98
-98
-98
-93
-99
-98
-98
-98
-98
-94
-94
-96
-96
-94
-94
-97
-98
-96
-99
-98
-98
-99
-99
-99
-99
-99
-97
-98
-82
-81
-76
-81
-81
-42
-98
-84
-84
-96
-82
-83
-84
-81
-84
-98
-98
-80
-81
-96
-78
-95
-90
-90
-95
-97
-96
-93
-93
-96
-98
-98
-98
-97
-98
-98
-98
-99
-98
-98
-98
-95
-97
-82
-89
-98
-98
-98
-98
-99
-98
-99
-98
-97
-98
-98
-92
-98
-87
-98
-98
-98
-98
-81
-81
-77
-81
-81
-61
-99
-99
-94
-99
-81
-81
-98
-81
-82
-87
-85
-85
-63
-84
-84
-72
-98
-98
-98
-98
-98
-98
-98
-98
-98
-98
-78
-96
-90
-91
-89
-90
-90
-91
-99
-96
-96
-96
-96
-96
-99
-98
-98
-98
-98
-96
-98
-94
-98
-89
-99
-98
-97
-98
-98
-96
-98
-98
-99
-96
-97
-92
-98
-98
-87
-98
-98
-98
-98
-99
-97
-98
-98
-96
-96
-98
-98
-98
-99
-93
-98
-84
-84
-98
-80
-81
-81
-81
-81
-91
-81
-80
-80
-81
-80
-81
-92
-98
-98
-97
-98
-98
-97
-98
-99
-98
-97
-98
-98
-96
-98
-98
-98
-98
-86
-94
-85
-84
-85
-86
-85
-96
-87
-96
-98
-78
-96
-91
-95
-98
-98
-98
-95
-94
-95
-98
-87
-98
-98
-98
-99
-98
-97
-80
-81
-98
-81
-80
-90
-87
-87
-96
-98
-98
-81
-81
-81
-81
-60
-91
-81
-81
-81
-81
-81
-88
-88
-88
-80
-80
-99
-98
-80
-80
-98
-84
-84
-98
-97
-98
-99
-98
-98
-97
-98
-98
-94
-95
-98
-97
-96
-98
-98
-99
-98
-98
-98
-98
-99
-97
-98
-97
-98
-98
-98
-98
-96
-98
-99
-97
-98
-98
-96
-87
-98
-97
-98
-98
-98
-98
-98
-93
-98
-78
-96
-91
-91
-91
-90
-90
-93
-91
-96
-98
-95
-95
-98
-96
-96
-96
-96
-98
-96
-98
-98
-84
-86
-98
-98
-86
-99
-98
-98
-98
-98
-98
-97
-95
-91
-83
-83
-50
-83
-83
-55
-83
-83
-87
-81
-81
-81
-88
-80
-79
-98
-98
-98
-92
-96
-96
-97
-98
-98
-98
-98
-98
-86
-84
-88
-99
-85
-98
-98
-98
-98
-98
-98
-96
-96
-98
-95
-98
-98
-98
-96
-85
-86
-98
-85
-97
-98
-98
-87
-87
-88
-87
-86
-98
-81
-81
-81
-81
-75
-98
-91
-94
-95
-98
-81
-81
-97
-81
-81
-48
-82
-81
-81
-96
-98
-81
-80
-81
-81
-58
-95
-84
-81
-99
-98
-99
-98
-99
-99
-98
-99
-98
-98
-90
-98
-98
-87
-98
-98
-98
-98
-97
-97
-97
-96
-98
-98
-98
-98
-98
-98
-98
-97
-96
-98
-98
-98
-98
-96
-96
-98
-98
-96
-98
-99
-98
-98
-98
-98
-98
-98
-98
-98
-99
-97
-98
-98
-98
-96
-98
-98
-97
-98
-98
-98
-96
-86
-86
-98
-98
-98
-98
-98
-99
-98
-99
-98
-79
-99
-91
-91
-91
-91
-91
-98
-95
-98
-97
-81
-81
-81
-81
-80
-52
-81
-81
-83
-81
-81
-81
-63
-98
-98
-98
-98
-98
-98
-99
-98
-98
-98
-93
-84
-97
-97
-99
-98
-96
-98
-98
-97
-98
-98
-98
-96
-98
-98
-98
-98
-98
-96
-98
-99
-98
-98
-98
-98
-97
-98
-98
-98
-98
-98
-97
-98
-98
-81
-80
-81
-81
-81
-68
-98
-97
-91
-81
-81
-81
-81
-67
-81
-81
-98
-98
-97
-84
-86
-80
-80
-79
-84
-84
-98
-84
-84
-47
-95
-90
-90
-97
-99
-98
-98
-98
-98
-84
-97
-92
-87
-98
-98
-98
-98
-98
-98
-98
-99
-99
-99
-98
-98
-98
-98
-98
-96
-98
-99
-98
-98
-98
-91
-98
-97
-99
-98
-98
-99
-98
-98
-95
-97
-90
-98
-96
-98
-98
-98
-98
-97
-98
-98
-96
-98
-99
-98
-99
-98
-84
-84
-72
-81
-84
-98
-81
-81
-99
-81
-81
-75
-81
-76
-64
-91
-93
-90
-98
-98
-98
-98
-98
-99
-99
-98
-98
-98
-98
-98
-98
-98
-98
-98
-94
-94
-98
-98
-98
-98
-98
-98
-99
-84
-98
-98
-98
-91
-98
-98
-98
-87
-98
-87
-99
-98
-99
-98
-81
-81
-98
-81
-81
-44
-98
-99
-81
-81
-98
-81
-81
-81
-81
-81
-55
-98
-98
-98
-98
-98
-81
-81
-98
-81
-81
-43
-96
-98
-99
-98
-98
-98
-98
-96
-99
-95
-99
-98
-84
-98
-98
-86
-92
-96
-87
-98
-98
-98
-98
-98
-98
-98
-78
-97
-91
-98
-98
-98
-98
-97
-98
-96
-98
-98
-98
-98
-98
-99
-98
-98
-98
-99
-98
-94
-81
-82
-82
-96
-96
-98
-99
-99
-98
-99
-98
-98
-93
-98
-97
-98
-98
-98
-98
-99
-98
-97
-98
-98
-98
-98
-98
-98
-97
-98
-97
-96
-96
-93
-99
-98
-84
-81
-81
-81
-81
-40
-98
-98
-98
-98
-98
-98
-81
-81
-98
-81
-81
-99
-94
-98
-98
-96
-98
-96
-98
-98
-98
-99
-99
-97
-86
-93
-98
-99
-98
-98
-98
-98
-98
-98
-78
-98
-94
-91
-88
-91
-91
-91
-98
-98
-96
-96
-98
-98
-98
-99
-98
-98
-98
-80
-81
-96
-98
-90
-88
-81
-81
-99
-98
-98
-98
-98
-81
-80
-92
-80
-81
-54
-80
-81
-98
-81
-81
-81
-81
-74
-98
-96
-97
-98
-98
-98
-98
-96
-97
-95
-99
-98
-98
-98
-99
-98
-96
-96
-97
-97
-95
-95
-95
-95
-97
-97
-96
-97
-95
-98
-97
-99
-98
-99
-95
-98
-97
-98
-98
-98
-98
-98
-98
-86
-86
-87
-88
-88
-91
-98
-98
-98
-98
-96
-98
-91
-97
-98
-98
-98
-98
-99
-98
-98
-98
-98
-98
-99
-96
-95
-98
-98
-99
-98
-93
-81
-99
-81
-98
-98
-98
-90
-88
-88
-98
-98
-98
-80
-81
-40
-82
-80
-81
-98
-98
-98
-99
-98
-93
-97
-81
-81
-99
-84
-84
-68
-84
-84
-95
-96
-72
-93
-94
-99
-98
-98
-98
-98
-98
-98
-98
-96
-98
-99
-98
-98
-98
-98
-98
-95
-97
-98
-93
-93
-93
-95
-93
-93
-98
-95
-94
-86
-88
-96
-95
-96
-84
-83
-83
-84
-67
-98
-80
-98
-91
-90
-91
-91
-92
-93
-96
-98
-94
-98
-98
-98
-98
-99
-98
-98
-98
-98
-98
-92
-93
-98
-84
-84
-94
-80
-81
-81
-80
-69
-81
-81
-93
-80
-81
-70
-81
-81
-99
-98
-98
-97
-95
-98
-97
-95
-96
-94
-98
-99
-98
-98
-95
-96
-98
-96
-98
-86
-98
-98
-98
-85
-87
-88
-88
-84
-90
-97
-95
-95
-98
-96
-78
-88
-91
-98
-93
-98
-98
-81
-81
-43
-98
-85
-80
-81
-71
-96
-98
-98
-91
-88
-96
-96
-95
-81
-98
-81
-98
-99
-81
-81
-81
-81
-81
-95
-92
-98
-99
-98
-86
-98
-98
-98
-99
-94
-94
-97
-97
-93
-98
-99
-97
-95
-97
-92
-97
-95
-96
-97
-98
-97
-98
-98
-93
-96
-98
-98
-96
-98
-81
-81
-98
-81
-81
-40
-99
-98
-98
-98
-98
-98
-96
-97
-98
-97
-98
-99
-98
-98
-86
-98
-98
-98
-98
-98
-98
-95
-98
-98
-86
-96
-87
-86
-91
-81
-81
-92
-91
-91
-84
-84
-98
-83
-83
-35
-84
-84
-85
-84
-81
-84
-85
-84
-84
-84
-80
-98
-54
-85
-66
-98
-99
-96
-96
-98
-98
-91
-93
-97
-97
-98
-86
-84
-84
-96
-87
-98
-98
-98
-99
-98
-98
-98
-93
-96
-96
-93
-97
-88
-84
-84
-96
-93
-98
-98
-98
-98
-98
-98
-98
-98
-98
-99
-97
-99
-97
-98
-98
-84
-94
-85
-95
-96
-84
-98
-83
-51
-93
-85
-85
-85
-90
-99
-98
-99
-98
-98
-98
-78
-98
-92
-88
-83
-84
-84
-99
-98
-98
-97
-96
-98
-98
-98
-98
-98
-98
-98
-98
-98
-94
-98
-98
-93
-99
-98
-99
-98
-98
-98
-98
-96
-96
-96
-96
-91
-98
-87
-98
-98
-97
-98
-98
-84
-66
-84
-98
-98
-99
-98
-99
-98
-92
-94
-96
-98
-97
-93
-98
-98
-98
-98
-98
-98
-99
-94
-98
-97
-98
-98
-98
-99
-98
-98
-98
-97
-98
-98
-98
-96
-98
-98
-98
-98
-96
-98
-96
-87
-87
-84
-49
-84
-93
-98
-99
-84
-84
-84
-77
-88
-91
-91
-91
-91
-93
-81
-98
-98
-98
-93
-98
-96
-93
-96
-99
-98
-98
-98
-98
-91
-81
-93
-98
-98
-98
-99
-98
-98
-98
-98
-98
-98
-98
-92
-97
-98
-87
-86
-99
-98
-98
-98
-98
-96
-98
-98
-98
-98
-98
-98
-98
-96
-98
-99
-97
-98
-98
-98
-98
-98
-98
-98
-98
-96
-98
-98
-98
-98
-98
-98
-83
-98
-98
-89
-97
-98
-99
-95
-96
-81
-38
-81
-87
-81
-49
-81
-81
-88
-89
-85
-85
-98
-98
-98
-96
-96
-87
-96
-94
-91
-98
-98
-98
-98
-98
-98
-98
-98
-99
-98
-98
-98
-98
-98
-81
-80
-56
-98
-93
-81
-84
-96
-98
-98
-98
-98
-98
-96
-98
-96
-96
-91
-98
-98
-98
-98
-97
-98
-98
-98
-97
-99
-98
-98
